1 0.8625 0.8291666666666667 0.15833333333333333 0.21875
1 0.85625 0.6416666666666667 0.13125 0.17291666666666666
1 0.46041666666666664 0.33541666666666664 0.12083333333333333 0.15208333333333332
1 0.3770833333333333 0.49583333333333335 0.12291666666666666 0.15833333333333333
1 0.5229166666666667 0.48125 0.14166666666666666 0.19166666666666668
1 0.6729166666666667 0.3 0.12916666666666668 0.12916666666666668
1 0.6020833333333333 0.18333333333333332 0.10625 0.15625
1 0.24791666666666667 0.2604166666666667 0.125 0.13541666666666666
1 0.23958333333333334 0.42083333333333334 0.11041666666666666 0.13958333333333334
1 0.10416666666666667 0.5375 0.13541666666666666 0.17916666666666667
1 0.33125 0.7916666666666666 0.13958333333333334 0.17708333333333334
1 0.45 0.6458333333333334 0.11875 0.18125
1 0.625 0.6833333333333333 0.125 0.15625
1 0.7333333333333333 0.5729166666666666 0.125 0.17916666666666667
1 0.8416666666666667 0.24166666666666667 0.1125 0.14166666666666666