1 0.7083333333333334 0.48541666666666666 0.21666666666666667 0.20833333333333334
1 0.9125 0.28125 0.175 0.24166666666666667
1 0.9104166666666667 0.6166666666666667 0.17916666666666667 0.22708333333333333
1 0.32083333333333336 0.7520833333333333 0.21458333333333332 0.20625
1 0.4875 0.5708333333333333 0.20833333333333334 0.19375
1 0.6145833333333334 0.19166666666666668 0.21041666666666667 0.21875
1 0.15 0.23125 0.21041666666666667 0.20208333333333334
1 0.3229166666666667 0.3958333333333333 0.19791666666666666 0.18541666666666667
1 0.15 0.5729166666666666 0.22083333333333333 0.20833333333333334
1 0.17708333333333334 0.825 0.20833333333333334 0.21875
1 0.47291666666666665 0.93125 0.2125 0.1375
1 0.6270833333333333 0.7708333333333334 0.2 0.22291666666666668